Time,Susceptible,Infectious,Recovered
0.0000,0.9900,0.0100,0.0000
0.0100,0.9900,0.0100,0.0000
0.0200,0.9900,0.0100,0.0000
0.0300,0.9899,0.0100,0.0000
0.0400,0.9899,0.0101,0.0000
0.0500,0.9899,0.0101,0.0001
0.0600,0.9899,0.0101,0.0001
0.0700,0.9898,0.0101,0.0001
0.0800,0.9898,0.0101,0.0001
0.0900,0.9898,0.0101,0.0001
0.1000,0.9898,0.0101,0.0001
0.1100,0.9897,0.0102,0.0001
0.1200,0.9897,0.0102,0.0001
0.1300,0.9897,0.0102,0.0001
0.1400,0.9897,0.0102,0.0001
0.1500,0.9896,0.0102,0.0002
0.1600,0.9896,0.0102,0.0002
0.1700,0.9896,0.0103,0.0002
0.1800,0.9895,0.0103,0.0002
0.1900,0.9895,0.0103,0.0002
0.2000,0.9895,0.0103,0.0002
0.2100,0.9895,0.0103,0.0002
0.2200,0.9894,0.0103,0.0002
0.2300,0.9894,0.0103,0.0002
0.2400,0.9894,0.0104,0.0002
0.2500,0.9894,0.0104,0.0003
0.2600,0.9893,0.0104,0.0003
0.2700,0.9893,0.0104,0.0003
0.2800,0.9893,0.0104,0.0003
0.2900,0.9893,0.0104,0.0003
0.3000,0.9892,0.0105,0.0003
0.3100,0.9892,0.0105,0.0003
0.3200,0.9892,0.0105,0.0003
0.3300,0.9892,0.0105,0.0003
0.3400,0.9891,0.0105,0.0003
0.3500,0.9891,0.0105,0.0004
0.3600,0.9891,0.0105,0.0004
0.3700,0.9891,0.0106,0.0004
0.3800,0.9890,0.0106,0.0004
0.3900,0.9890,0.0106,0.0004
0.4000,0.9890,0.0106,0.0004
0.4100,0.9890,0.0106,0.0004
0.4200,0.9889,0.0106,0.0004
0.4300,0.9889,0.0107,0.0004
0.4400,0.9889,0.0107,0.0005
0.4500,0.9889,0.0107,0.0005
0.4600,0.9888,0.0107,0.0005
0.4700,0.9888,0.0107,0.0005
0.4800,0.9888,0.0107,0.0005
0.4900,0.9887,0.0107,0.0005
0.5000,0.9887,0.0108,0.0005
0.5100,0.9887,0.0108,0.0005
0.5200,0.9887,0.0108,0.0005
0.5300,0.9886,0.0108,0.0006
0.5400,0.9886,0.0108,0.0006
0.5500,0.9886,0.0108,0.0006
0.5600,0.9886,0.0109,0.0006
0.5700,0.9885,0.0109,0.0006
0.5800,0.9885,0.0109,0.0006
0.5900,0.9885,0.0109,0.0006
0.6000,0.9884,0.0109,0.0006
0.6100,0.9884,0.0109,0.0006
0.6200,0.9884,0.0110,0.0006
0.6300,0.9884,0.0110,0.0007
0.6400,0.9883,0.0110,0.0007
0.6500,0.9883,0.0110,0.0007
0.6600,0.9883,0.0110,0.0007
0.6700,0.9883,0.0110,0.0007
0.6800,0.9882,0.0111,0.0007
0.6900,0.9882,0.0111,0.0007
0.7000,0.9882,0.0111,0.0007
0.7100,0.9882,0.0111,0.0007
0.7200,0.9881,0.0111,0.0008
0.7300,0.9881,0.0111,0.0008
0.7400,0.9881,0.0112,0.0008
0.7500,0.9880,0.0112,0.0008
0.7600,0.9880,0.0112,0.0008
0.7700,0.9880,0.0112,0.0008
0.7800,0.9880,0.0112,0.0008
0.7900,0.9879,0.0112,0.0008
0.8000,0.9879,0.0112,0.0008
0.8100,0.9879,0.0113,0.0009
0.8200,0.9878,0.0113,0.0009
0.8300,0.9878,0.0113,0.0009
0.8400,0.9878,0.0113,0.0009
0.8500,0.9878,0.0113,0.0009
0.8600,0.9877,0.0113,0.0009
0.8700,0.9877,0.0114,0.0009
0.8800,0.9877,0.0114,0.0009
0.8900,0.9877,0.0114,0.0010
0.9000,0.9876,0.0114,0.0010
0.9100,0.9876,0.0114,0.0010
0.9200,0.9876,0.0114,0.0010
0.9300,0.9875,0.0115,0.0010
0.9400,0.9875,0.0115,0.0010
0.9500,0.9875,0.0115,0.0010
0.9600,0.9875,0.0115,0.0010
0.9700,0.9874,0.0115,0.0010
0.9800,0.9874,0.0116,0.0011
0.9900,0.9874,0.0116,0.0011
1.0000,0.9873,0.0116,0.0011
1.0100,0.9873,0.0116,0.0011
1.0200,0.9873,0.0116,0.0011
1.0300,0.9873,0.0116,0.0011
1.0400,0.9872,0.0117,0.0011
1.0500,0.9872,0.0117,0.0011
1.0600,0.9872,0.0117,0.0011
1.0700,0.9871,0.0117,0.0012
1.0800,0.9871,0.0117,0.0012
1.0900,0.9871,0.0117,0.0012
1.1000,0.9871,0.0118,0.0012
1.1100,0.9870,0.0118,0.0012
1.1200,0.9870,0.0118,0.0012
1.1300,0.9870,0.0118,0.0012
1.1400,0.9869,0.0118,0.0012
1.1500,0.9869,0.0118,0.0013
1.1600,0.9869,0.0119,0.0013
1.1700,0.9868,0.0119,0.0013
1.1800,0.9868,0.0119,0.0013
1.1900,0.9868,0.0119,0.0013
1.2000,0.9868,0.0119,0.0013
1.2100,0.9867,0.0119,0.0013
1.2200,0.9867,0.0120,0.0013
1.2300,0.9867,0.0120,0.0013
1.2400,0.9866,0.0120,0.0014
1.2500,0.9866,0.0120,0.0014
1.2600,0.9866,0.0120,0.0014
1.2700,0.9866,0.0121,0.0014
1.2800,0.9865,0.0121,0.0014
1.2900,0.9865,0.0121,0.0014
1.3000,0.9865,0.0121,0.0014
1.3100,0.9864,0.0121,0.0014
1.3200,0.9864,0.0121,0.0015
1.3300,0.9864,0.0122,0.0015
1.3400,0.9863,0.0122,0.0015
1.3500,0.9863,0.0122,0.0015
1.3600,0.9863,0.0122,0.0015
1.3700,0.9863,0.0122,0.0015
1.3800,0.9862,0.0122,0.0015
1.3900,0.9862,0.0123,0.0015
1.4000,0.9862,0.0123,0.0016
1.4100,0.9861,0.0123,0.0016
1.4200,0.9861,0.0123,0.0016
1.4300,0.9861,0.0123,0.0016
1.4400,0.9860,0.0124,0.0016
1.4500,0.9860,0.0124,0.0016
1.4600,0.9860,0.0124,0.0016
1.4700,0.9859,0.0124,0.0016
1.4800,0.9859,0.0124,0.0017
1.4900,0.9859,0.0124,0.0017
1.5000,0.9859,0.0125,0.0017
1.5100,0.9858,0.0125,0.0017
1.5200,0.9858,0.0125,0.0017
1.5300,0.9858,0.0125,0.0017
1.5400,0.9857,0.0125,0.0017
1.5500,0.9857,0.0126,0.0017
1.5600,0.9857,0.0126,0.0018
1.5700,0.9856,0.0126,0.0018
1.5800,0.9856,0.0126,0.0018
1.5900,0.9856,0.0126,0.0018
1.6000,0.9855,0.0126,0.0018
1.6100,0.9855,0.0127,0.0018
1.6200,0.9855,0.0127,0.0018
1.6300,0.9855,0.0127,0.0018
1.6400,0.9854,0.0127,0.0019
1.6500,0.9854,0.0127,0.0019
1.6600,0.9854,0.0128,0.0019
1.6700,0.9853,0.0128,0.0019
1.6800,0.9853,0.0128,0.0019
1.6900,0.9853,0.0128,0.0019
1.7000,0.9852,0.0128,0.0019
1.7100,0.9852,0.0129,0.0019
1.7200,0.9852,0.0129,0.0020
1.7300,0.9851,0.0129,0.0020
1.7400,0.9851,0.0129,0.0020
1.7500,0.9851,0.0129,0.0020
1.7600,0.9850,0.0129,0.0020
1.7700,0.9850,0.0130,0.0020
1.7800,0.9850,0.0130,0.0020
1.7900,0.9849,0.0130,0.0020
1.8000,0.9849,0.0130,0.0021
1.8100,0.9849,0.0130,0.0021
1.8200,0.9849,0.0131,0.0021
1.8300,0.9848,0.0131,0.0021
1.8400,0.9848,0.0131,0.0021
1.8500,0.9848,0.0131,0.0021
1.8600,0.9847,0.0131,0.0021
1.8700,0.9847,0.0132,0.0022
1.8800,0.9847,0.0132,0.0022
1.8900,0.9846,0.0132,0.0022
1.9000,0.9846,0.0132,0.0022
1.9100,0.9846,0.0132,0.0022
1.9200,0.9845,0.0133,0.0022
1.9300,0.9845,0.0133,0.0022
1.9400,0.9845,0.0133,0.0022
1.9500,0.9844,0.0133,0.0023
1.9600,0.9844,0.0133,0.0023
1.9700,0.9844,0.0134,0.0023
1.9800,0.9843,0.0134,0.0023
1.9900,0.9843,0.0134,0.0023
2.0000,0.9843,0.0134,0.0023
2.0100,0.9842,0.0134,0.0023
2.0200,0.9842,0.0134,0.0024
2.0300,0.9842,0.0135,0.0024
2.0400,0.9841,0.0135,0.0024
2.0500,0.9841,0.0135,0.0024
2.0600,0.9841,0.0135,0.0024
2.0700,0.9840,0.0135,0.0024
2.0800,0.9840,0.0136,0.0024
2.0900,0.9840,0.0136,0.0024
2.1000,0.9839,0.0136,0.0025
2.1100,0.9839,0.0136,0.0025
2.1200,0.9839,0.0136,0.0025
2.1300,0.9838,0.0137,0.0025
2.1400,0.9838,0.0137,0.0025
2.1500,0.9838,0.0137,0.0025
2.1600,0.9837,0.0137,0.0025
2.1700,0.9837,0.0137,0.0026
2.1800,0.9837,0.0138,0.0026
2.1900,0.9836,0.0138,0.0026
2.2000,0.9836,0.0138,0.0026
2.2100,0.9836,0.0138,0.0026
2.2200,0.9835,0.0138,0.0026
2.2300,0.9835,0.0139,0.0026
2.2400,0.9835,0.0139,0.0027
2.2500,0.9834,0.0139,0.0027
2.2600,0.9834,0.0139,0.0027
2.2700,0.9834,0.0139,0.0027
2.2800,0.9833,0.0140,0.0027
2.2900,0.9833,0.0140,0.0027
2.3000,0.9833,0.0140,0.0027
2.3100,0.9832,0.0140,0.0027
2.3200,0.9832,0.0141,0.0028
2.3300,0.9832,0.0141,0.0028
2.3400,0.9831,0.0141,0.0028
2.3500,0.9831,0.0141,0.0028
2.3600,0.9830,0.0141,0.0028
2.3700,0.9830,0.0142,0.0028
2.3800,0.9830,0.0142,0.0028
2.3900,0.9829,0.0142,0.0029
2.4000,0.9829,0.0142,0.0029
2.4100,0.9829,0.0142,0.0029
2.4200,0.9828,0.0143,0.0029
2.4300,0.9828,0.0143,0.0029
2.4400,0.9828,0.0143,0.0029
2.4500,0.9827,0.0143,0.0029
2.4600,0.9827,0.0143,0.0030
2.4700,0.9827,0.0144,0.0030
2.4800,0.9826,0.0144,0.0030
2.4900,0.9826,0.0144,0.0030
2.5000,0.9826,0.0144,0.0030
2.5100,0.9825,0.0144,0.0030
2.5200,0.9825,0.0145,0.0030
2.5300,0.9825,0.0145,0.0031
2.5400,0.9824,0.0145,0.0031
2.5500,0.9824,0.0145,0.0031
2.5600,0.9823,0.0146,0.0031
2.5700,0.9823,0.0146,0.0031
2.5800,0.9823,0.0146,0.0031
2.5900,0.9822,0.0146,0.0031
2.6000,0.9822,0.0146,0.0032
2.6100,0.9822,0.0147,0.0032
2.6200,0.9821,0.0147,0.0032
2.6300,0.9821,0.0147,0.0032
2.6400,0.9821,0.0147,0.0032
2.6500,0.9820,0.0147,0.0032
2.6600,0.9820,0.0148,0.0033
2.6700,0.9819,0.0148,0.0033
2.6800,0.9819,0.0148,0.0033
2.6900,0.9819,0.0148,0.0033
2.7000,0.9818,0.0148,0.0033
2.7100,0.9818,0.0149,0.0033
2.7200,0.9818,0.0149,0.0033
2.7300,0.9817,0.0149,0.0034
2.7400,0.9817,0.0149,0.0034
2.7500,0.9817,0.0150,0.0034
2.7600,0.9816,0.0150,0.0034
2.7700,0.9816,0.0150,0.0034
2.7800,0.9815,0.0150,0.0034
2.7900,0.9815,0.0150,0.0034
2.8000,0.9815,0.0151,0.0035
2.8100,0.9814,0.0151,0.0035
2.8200,0.9814,0.0151,0.0035
2.8300,0.9814,0.0151,0.0035
2.8400,0.9813,0.0152,0.0035
2.8500,0.9813,0.0152,0.0035
2.8600,0.9813,0.0152,0.0036
2.8700,0.9812,0.0152,0.0036
2.8800,0.9812,0.0152,0.0036
2.8900,0.9811,0.0153,0.0036
2.9000,0.9811,0.0153,0.0036
2.9100,0.9811,0.0153,0.0036
2.9200,0.9810,0.0153,0.0036
2.9300,0.9810,0.0154,0.0037
2.9400,0.9810,0.0154,0.0037
2.9500,0.9809,0.0154,0.0037
2.9600,0.9809,0.0154,0.0037
2.9700,0.9808,0.0154,0.0037
2.9800,0.9808,0.0155,0.0037
2.9900,0.9808,0.0155,0.0038
3.0000,0.9807,0.0155,0.0038
3.0100,0.9807,0.0155,0.0038
3.0200,0.9806,0.0156,0.0038
3.0300,0.9806,0.0156,0.0038
3.0400,0.9806,0.0156,0.0038
3.0500,0.9805,0.0156,0.0038
3.0600,0.9805,0.0156,0.0039
3.0700,0.9805,0.0157,0.0039
3.0800,0.9804,0.0157,0.0039
3.0900,0.9804,0.0157,0.0039
3.1000,0.9803,0.0157,0.0039
3.1100,0.9803,0.0158,0.0039
3.1200,0.9803,0.0158,0.0040
3.1300,0.9802,0.0158,0.0040
3.1400,0.9802,0.0158,0.0040
3.1500,0.9801,0.0159,0.0040
3.1600,0.9801,0.0159,0.0040
3.1700,0.9801,0.0159,0.0040
3.1800,0.9800,0.0159,0.0040
3.1900,0.9800,0.0159,0.0041
3.2000,0.9800,0.0160,0.0041
3.2100,0.9799,0.0160,0.0041
3.2200,0.9799,0.0160,0.0041
3.2300,0.9798,0.0160,0.0041
3.2400,0.9798,0.0161,0.0041
3.2500,0.9798,0.0161,0.0042
3.2600,0.9797,0.0161,0.0042
3.2700,0.9797,0.0161,0.0042
3.2800,0.9796,0.0162,0.0042
3.2900,0.9796,0.0162,0.0042
3.3000,0.9796,0.0162,0.0042
3.3100,0.9795,0.0162,0.0043
3.3200,0.9795,0.0162,0.0043
3.3300,0.9794,0.0163,0.0043
3.3400,0.9794,0.0163,0.0043
3.3500,0.9794,0.0163,0.0043
3.3600,0.9793,0.0163,0.0043
3.3700,0.9793,0.0164,0.0044
3.3800,0.9792,0.0164,0.0044
3.3900,0.9792,0.0164,0.0044
3.4000,0.9792,0.0164,0.0044
3.4100,0.9791,0.0165,0.0044
3.4200,0.9791,0.0165,0.0044
3.4300,0.9790,0.0165,0.0045
3.4400,0.9790,0.0165,0.0045
3.4500,0.9790,0.0166,0.0045
3.4600,0.9789,0.0166,0.0045
3.4700,0.9789,0.0166,0.0045
3.4800,0.9788,0.0166,0.0045
3.4900,0.9788,0.0167,0.0046
3.5000,0.9788,0.0167,0.0046
3.5100,0.9787,0.0167,0.0046
3.5200,0.9787,0.0167,0.0046
3.5300,0.9786,0.0167,0.0046
3.5400,0.9786,0.0168,0.0046
3.5500,0.9785,0.0168,0.0047
3.5600,0.9785,0.0168,0.0047
3.5700,0.9785,0.0168,0.0047
3.5800,0.9784,0.0169,0.0047
3.5900,0.9784,0.0169,0.0047
3.6000,0.9783,0.0169,0.0047
3.6100,0.9783,0.0169,0.0048
3.6200,0.9783,0.0170,0.0048
3.6300,0.9782,0.0170,0.0048
3.6400,0.9782,0.0170,0.0048
3.6500,0.9781,0.0170,0.0048
3.6600,0.9781,0.0171,0.0048
3.6700,0.9781,0.0171,0.0049
3.6800,0.9780,0.0171,0.0049
3.6900,0.9780,0.0171,0.0049
3.7000,0.9779,0.0172,0.0049
3.7100,0.9779,0.0172,0.0049
3.7200,0.9778,0.0172,0.0049
3.7300,0.9778,0.0172,0.0050
3.7400,0.9778,0.0173,0.0050
3.7500,0.9777,0.0173,0.0050
3.7600,0.9777,0.0173,0.0050
3.7700,0.9776,0.0173,0.0050
3.7800,0.9776,0.0174,0.0050
3.7900,0.9775,0.0174,0.0051
3.8000,0.9775,0.0174,0.0051
3.8100,0.9775,0.0174,0.0051
3.8200,0.9774,0.0175,0.0051
3.8300,0.9774,0.0175,0.0051
3.8400,0.9773,0.0175,0.0052
3.8500,0.9773,0.0175,0.0052
3.8600,0.9772,0.0176,0.0052
3.8700,0.9772,0.0176,0.0052
3.8800,0.9772,0.0176,0.0052
3.8900,0.9771,0.0176,0.0052
3.9000,0.9771,0.0177,0.0053
3.9100,0.9770,0.0177,0.0053
3.9200,0.9770,0.0177,0.0053
3.9300,0.9769,0.0177,0.0053
3.9400,0.9769,0.0178,0.0053
3.9500,0.9769,0.0178,0.0053
3.9600,0.9768,0.0178,0.0054
3.9700,0.9768,0.0178,0.0054
3.9800,0.9767,0.0179,0.0054
3.9900,0.9767,0.0179,0.0054
4.0000,0.9766,0.0179,0.0054
4.0100,0.9766,0.0179,0.0055
4.0200,0.9766,0.0180,0.0055
4.0300,0.9765,0.0180,0.0055
4.0400,0.9765,0.0180,0.0055
4.0500,0.9764,0.0181,0.0055
4.0600,0.9764,0.0181,0.0055
4.0700,0.9763,0.0181,0.0056
4.0800,0.9763,0.0181,0.0056
4.0900,0.9762,0.0182,0.0056
4.1000,0.9762,0.0182,0.0056
4.1100,0.9762,0.0182,0.0056
4.1200,0.9761,0.0182,0.0057
4.1300,0.9761,0.0183,0.0057
4.1400,0.9760,0.0183,0.0057
4.1500,0.9760,0.0183,0.0057
4.1600,0.9759,0.0183,0.0057
4.1700,0.9759,0.0184,0.0057
4.1800,0.9758,0.0184,0.0058
4.1900,0.9758,0.0184,0.0058
4.2000,0.9758,0.0184,0.0058
4.2100,0.9757,0.0185,0.0058
4.2200,0.9757,0.0185,0.0058
4.2300,0.9756,0.0185,0.0059
4.2400,0.9756,0.0186,0.0059
4.2500,0.9755,0.0186,0.0059
4.2600,0.9755,0.0186,0.0059
4.2700,0.9754,0.0186,0.0059
4.2800,0.9754,0.0187,0.0059
4.2900,0.9753,0.0187,0.0060
4.3000,0.9753,0.0187,0.0060
4.3100,0.9753,0.0187,0.0060
4.3200,0.9752,0.0188,0.0060
4.3300,0.9752,0.0188,0.0060
4.3400,0.9751,0.0188,0.0061
4.3500,0.9751,0.0188,0.0061
4.3600,0.9750,0.0189,0.0061
4.3700,0.9750,0.0189,0.0061
4.3800,0.9749,0.0189,0.0061
4.3900,0.9749,0.0190,0.0062
4.4000,0.9748,0.0190,0.0062
4.4100,0.9748,0.0190,0.0062
4.4200,0.9748,0.0190,0.0062
4.4300,0.9747,0.0191,0.0062
4.4400,0.9747,0.0191,0.0062
4.4500,0.9746,0.0191,0.0063
4.4600,0.9746,0.0191,0.0063
4.4700,0.9745,0.0192,0.0063
4.4800,0.9745,0.0192,0.0063
4.4900,0.9744,0.0192,0.0063
4.5000,0.9744,0.0193,0.0064
4.5100,0.9743,0.0193,0.0064
4.5200,0.9743,0.0193,0.0064
4.5300,0.9742,0.0193,0.0064
4.5400,0.9742,0.0194,0.0064
4.5500,0.9741,0.0194,0.0065
4.5600,0.9741,0.0194,0.0065
4.5700,0.9740,0.0195,0.0065
4.5800,0.9740,0.0195,0.0065
4.5900,0.9740,0.0195,0.0065
4.6000,0.9739,0.0195,0.0066
4.6100,0.9739,0.0196,0.0066
4.6200,0.9738,0.0196,0.0066
4.6300,0.9738,0.0196,0.0066
4.6400,0.9737,0.0197,0.0066
4.6500,0.9737,0.0197,0.0067
4.6600,0.9736,0.0197,0.0067
4.6700,0.9736,0.0197,0.0067
4.6800,0.9735,0.0198,0.0067
4.6900,0.9735,0.0198,0.0067
4.7000,0.9734,0.0198,0.0068
4.7100,0.9734,0.0198,0.0068
4.7200,0.9733,0.0199,0.0068
4.7300,0.9733,0.0199,0.0068
4.7400,0.9732,0.0199,0.0068
4.7500,0.9732,0.0200,0.0069
4.7600,0.9731,0.0200,0.0069
4.7700,0.9731,0.0200,0.0069
4.7800,0.9730,0.0200,0.0069
4.7900,0.9730,0.0201,0.0069
4.8000,0.9729,0.0201,0.0070
4.8100,0.9729,0.0201,0.0070
4.8200,0.9728,0.0202,0.0070
4.8300,0.9728,0.0202,0.0070
4.8400,0.9727,0.0202,0.0070
4.8500,0.9727,0.0203,0.0071
4.8600,0.9726,0.0203,0.0071
4.8700,0.9726,0.0203,0.0071
4.8800,0.9725,0.0203,0.0071
4.8900,0.9725,0.0204,0.0071
4.9000,0.9724,0.0204,0.0072
4.9100,0.9724,0.0204,0.0072
4.9200,0.9724,0.0205,0.0072
4.9300,0.9723,0.0205,0.0072
4.9400,0.9723,0.0205,0.0072
4.9500,0.9722,0.0205,0.0073
4.9600,0.9722,0.0206,0.0073
4.9700,0.9721,0.0206,0.0073
4.9800,0.9721,0.0206,0.0073
4.9900,0.9720,0.0207,0.0073
5.0000,0.9720,0.0207,0.0074
5.0100,0.9719,0.0207,0.0074
5.0200,0.9719,0.0207,0.0074
5.0300,0.9718,0.0208,0.0074
5.0400,0.9717,0.0208,0.0074
5.0500,0.9717,0.0208,0.0075
5.0600,0.9716,0.0209,0.0075
5.0700,0.9716,0.0209,0.0075
5.0800,0.9715,0.0209,0.0075
5.0900,0.9715,0.0210,0.0075
5.1000,0.9714,0.0210,0.0076
5.1100,0.9714,0.0210,0.0076
5.1200,0.9713,0.0210,0.0076
5.1300,0.9713,0.0211,0.0076
5.1400,0.9712,0.0211,0.0077
5.1500,0.9712,0.0211,0.0077
5.1600,0.9711,0.0212,0.0077
5.1700,0.9711,0.0212,0.0077
5.1800,0.9710,0.0212,0.0077
5.1900,0.9710,0.0213,0.0078
5.2000,0.9709,0.0213,0.0078
5.2100,0.9709,0.0213,0.0078
5.2200,0.9708,0.0213,0.0078
5.2300,0.9708,0.0214,0.0078
5.2400,0.9707,0.0214,0.0079
5.2500,0.9707,0.0214,0.0079
5.2600,0.9706,0.0215,0.0079
5.2700,0.9706,0.0215,0.0079
5.2800,0.9705,0.0215,0.0080
5.2900,0.9705,0.0216,0.0080
5.3000,0.9704,0.0216,0.0080
5.3100,0.9704,0.0216,0.0080
5.3200,0.9703,0.0217,0.0080
5.3300,0.9703,0.0217,0.0081
5.3400,0.9702,0.0217,0.0081
5.3500,0.9701,0.0217,0.0081
5.3600,0.9701,0.0218,0.0081
5.3700,0.9700,0.0218,0.0081
5.3800,0.9700,0.0218,0.0082
5.3900,0.9699,0.0219,0.0082
5.4000,0.9699,0.0219,0.0082
5.4100,0.9698,0.0219,0.0082
5.4200,0.9698,0.0220,0.0083
5.4300,0.9697,0.0220,0.0083
5.4400,0.9697,0.0220,0.0083
5.4500,0.9696,0.0221,0.0083
5.4600,0.9696,0.0221,0.0083
5.4700,0.9695,0.0221,0.0084
5.4800,0.9695,0.0222,0.0084
5.4900,0.9694,0.0222,0.0084
5.5000,0.9694,0.0222,0.0084
5.5100,0.9693,0.0222,0.0085
5.5200,0.9692,0.0223,0.0085
5.5300,0.9692,0.0223,0.0085
5.5400,0.9691,0.0223,0.0085
5.5500,0.9691,0.0224,0.0085
5.5600,0.9690,0.0224,0.0086
5.5700,0.9690,0.0224,0.0086
5.5800,0.9689,0.0225,0.0086
5.5900,0.9689,0.0225,0.0086
5.6000,0.9688,0.0225,0.0087
5.6100,0.9688,0.0226,0.0087
5.6200,0.9687,0.0226,0.0087
5.6300,0.9686,0.0226,0.0087
5.6400,0.9686,0.0227,0.0087
5.6500,0.9685,0.0227,0.0088
5.6600,0.9685,0.0227,0.0088
5.6700,0.9684,0.0228,0.0088
5.6800,0.9684,0.0228,0.0088
5.6900,0.9683,0.0228,0.0089
5.7000,0.9683,0.0229,0.0089
5.7100,0.9682,0.0229,0.0089
5.7200,0.9681,0.0229,0.0089
5.7300,0.9681,0.0230,0.0090
5.7400,0.9680,0.0230,0.0090
5.7500,0.9680,0.0230,0.0090
5.7600,0.9679,0.0231,0.0090
5.7700,0.9679,0.0231,0.0090
5.7800,0.9678,0.0231,0.0091
5.7900,0.9678,0.0232,0.0091
5.8000,0.9677,0.0232,0.0091
5.8100,0.9676,0.0232,0.0091
5.8200,0.9676,0.0233,0.0092
5.8300,0.9675,0.0233,0.0092
5.8400,0.9675,0.0233,0.0092
5.8500,0.9674,0.0234,0.0092
5.8600,0.9674,0.0234,0.0093
5.8700,0.9673,0.0234,0.0093
5.8800,0.9673,0.0234,0.0093
5.8900,0.9672,0.0235,0.0093
5.9000,0.9671,0.0235,0.0093
5.9100,0.9671,0.0235,0.0094
5.9200,0.9670,0.0236,0.0094
5.9300,0.9670,0.0236,0.0094
5.9400,0.9669,0.0236,0.0094
5.9500,0.9669,0.0237,0.0095
5.9600,0.9668,0.0237,0.0095
5.9700,0.9667,0.0238,0.0095
5.9800,0.9667,0.0238,0.0095
5.9900,0.9666,0.0238,0.0096
6.0000,0.9666,0.0239,0.0096
6.0100,0.9665,0.0239,0.0096
6.0200,0.9665,0.0239,0.0096
6.0300,0.9664,0.0240,0.0097
6.0400,0.9663,0.0240,0.0097
6.0500,0.9663,0.0240,0.0097
6.0600,0.9662,0.0241,0.0097
6.0700,0.9662,0.0241,0.0097
6.0800,0.9661,0.0241,0.0098
6.0900,0.9660,0.0242,0.0098
6.1000,0.9660,0.0242,0.0098
6.1100,0.9659,0.0242,0.0098
6.1200,0.9659,0.0243,0.0099
6.1300,0.9658,0.0243,0.0099
6.1400,0.9658,0.0243,0.0099
6.1500,0.9657,0.0244,0.0099
6.1600,0.9656,0.0244,0.0100
6.1700,0.9656,0.0244,0.0100
6.1800,0.9655,0.0245,0.0100
6.1900,0.9655,0.0245,0.0100
6.2000,0.9654,0.0245,0.0101
6.2100,0.9653,0.0246,0.0101
6.2200,0.9653,0.0246,0.0101
6.2300,0.9652,0.0246,0.0101
6.2400,0.9652,0.0247,0.0102
6.2500,0.9651,0.0247,0.0102
6.2600,0.9650,0.0247,0.0102
6.2700,0.9650,0.0248,0.0102
6.2800,0.9649,0.0248,0.0103
6.2900,0.9649,0.0248,0.0103
6.3000,0.9648,0.0249,0.0103
6.3100,0.9647,0.0249,0.0103
6.3200,0.9647,0.0250,0.0104
6.3300,0.9646,0.0250,0.0104
6.3400,0.9646,0.0250,0.0104
6.3500,0.9645,0.0251,0.0104
6.3600,0.9644,0.0251,0.0105
6.3700,0.9644,0.0251,0.0105
6.3800,0.9643,0.0252,0.0105
6.3900,0.9643,0.0252,0.0105
6.4000,0.9642,0.0252,0.0106
6.4100,0.9641,0.0253,0.0106
6.4200,0.9641,0.0253,0.0106
6.4300,0.9640,0.0253,0.0106
6.4400,0.9640,0.0254,0.0107
6.4500,0.9639,0.0254,0.0107
6.4600,0.9638,0.0255,0.0107
6.4700,0.9638,0.0255,0.0107
6.4800,0.9637,0.0255,0.0108
6.4900,0.9636,0.0256,0.0108
6.5000,0.9636,0.0256,0.0108
6.5100,0.9635,0.0256,0.0108
6.5200,0.9635,0.0257,0.0109
6.5300,0.9634,0.0257,0.0109
6.5400,0.9633,0.0257,0.0109
6.5500,0.9633,0.0258,0.0109
6.5600,0.9632,0.0258,0.0110
6.5700,0.9632,0.0258,0.0110
6.5800,0.9631,0.0259,0.0110
6.5900,0.9630,0.0259,0.0110
6.6000,0.9630,0.0260,0.0111
6.6100,0.9629,0.0260,0.0111
6.6200,0.9628,0.0260,0.0111
6.6300,0.9628,0.0261,0.0112
6.6400,0.9627,0.0261,0.0112
6.6500,0.9627,0.0261,0.0112
6.6600,0.9626,0.0262,0.0112
6.6700,0.9625,0.0262,0.0113
6.6800,0.9625,0.0263,0.0113
6.6900,0.9624,0.0263,0.0113
6.7000,0.9623,0.0263,0.0113
6.7100,0.9623,0.0264,0.0114
6.7200,0.9622,0.0264,0.0114
6.7300,0.9621,0.0264,0.0114
6.7400,0.9621,0.0265,0.0114
6.7500,0.9620,0.0265,0.0115
6.7600,0.9620,0.0265,0.0115
6.7700,0.9619,0.0266,0.0115
6.7800,0.9618,0.0266,0.0115
6.7900,0.9618,0.0267,0.0116
6.8000,0.9617,0.0267,0.0116
6.8100,0.9616,0.0267,0.0116
6.8200,0.9616,0.0268,0.0117
6.8300,0.9615,0.0268,0.0117
6.8400,0.9614,0.0268,0.0117
6.8500,0.9614,0.0269,0.0117
6.8600,0.9613,0.0269,0.0118
6.8700,0.9612,0.0270,0.0118
6.8800,0.9612,0.0270,0.0118
6.8900,0.9611,0.0270,0.0118
6.9000,0.9611,0.0271,0.0119
6.9100,0.9610,0.0271,0.0119
6.9200,0.9609,0.0272,0.0119
6.9300,0.9609,0.0272,0.0120
6.9400,0.9608,0.0272,0.0120
6.9500,0.9607,0.0273,0.0120
6.9600,0.9607,0.0273,0.0120
6.9700,0.9606,0.0273,0.0121
6.9800,0.9605,0.0274,0.0121
6.9900,0.9605,0.0274,0.0121
7.0000,0.9604,0.0275,0.0121
7.0100,0.9603,0.0275,0.0122
7.0200,0.9603,0.0275,0.0122
7.0300,0.9602,0.0276,0.0122
7.0400,0.9601,0.0276,0.0123
7.0500,0.9601,0.0277,0.0123
7.0600,0.9600,0.0277,0.0123
7.0700,0.9599,0.0277,0.0123
7.0800,0.9599,0.0278,0.0124
7.0900,0.9598,0.0278,0.0124
7.1000,0.9597,0.0278,0.0124
7.1100,0.9597,0.0279,0.0124
7.1200,0.9596,0.0279,0.0125
7.1300,0.9595,0.0280,0.0125
7.1400,0.9595,0.0280,0.0125
7.1500,0.9594,0.0280,0.0126
7.1600,0.9593,0.0281,0.0126
7.1700,0.9593,0.0281,0.0126
7.1800,0.9592,0.0282,0.0126
7.1900,0.9591,0.0282,0.0127
7.2000,0.9591,0.0282,0.0127
7.2100,0.9590,0.0283,0.0127
7.2200,0.9589,0.0283,0.0128
7.2300,0.9589,0.0284,0.0128
7.2400,0.9588,0.0284,0.0128
7.2500,0.9587,0.0284,0.0128
7.2600,0.9587,0.0285,0.0129
7.2700,0.9586,0.0285,0.0129
7.2800,0.9585,0.0286,0.0129
7.2900,0.9585,0.0286,0.0130
7.3000,0.9584,0.0286,0.0130
7.3100,0.9583,0.0287,0.0130
7.3200,0.9582,0.0287,0.0130
7.3300,0.9582,0.0288,0.0131
7.3400,0.9581,0.0288,0.0131
7.3500,0.9580,0.0288,0.0131
7.3600,0.9580,0.0289,0.0132
7.3700,0.9579,0.0289,0.0132
7.3800,0.9578,0.0290,0.0132
7.3900,0.9578,0.0290,0.0132
7.4000,0.9577,0.0290,0.0133
7.4100,0.9576,0.0291,0.0133
7.4200,0.9576,0.0291,0.0133
7.4300,0.9575,0.0292,0.0134
7.4400,0.9574,0.0292,0.0134
7.4500,0.9573,0.0292,0.0134
7.4600,0.9573,0.0293,0.0134
7.4700,0.9572,0.0293,0.0135
7.4800,0.9571,0.0294,0.0135
7.4900,0.9571,0.0294,0.0135
7.5000,0.9570,0.0294,0.0136
7.5100,0.9569,0.0295,0.0136
7.5200,0.9569,0.0295,0.0136
7.5300,0.9568,0.0296,0.0137
7.5400,0.9567,0.0296,0.0137
7.5500,0.9566,0.0296,0.0137
7.5600,0.9566,0.0297,0.0137
7.5700,0.9565,0.0297,0.0138
7.5800,0.9564,0.0298,0.0138
7.5900,0.9564,0.0298,0.0138
7.6000,0.9563,0.0299,0.0139
7.6100,0.9562,0.0299,0.0139
7.6200,0.9561,0.0299,0.0139
7.6300,0.9561,0.0300,0.0139
7.6400,0.9560,0.0300,0.0140
7.6500,0.9559,0.0301,0.0140
7.6600,0.9559,0.0301,0.0140
7.6700,0.9558,0.0301,0.0141
7.6800,0.9557,0.0302,0.0141
7.6900,0.9556,0.0302,0.0141
7.7000,0.9556,0.0303,0.0142
7.7100,0.9555,0.0303,0.0142
7.7200,0.9554,0.0304,0.0142
7.7300,0.9554,0.0304,0.0143
7.7400,0.9553,0.0304,0.0143
7.7500,0.9552,0.0305,0.0143
7.7600,0.9551,0.0305,0.0143
7.7700,0.9551,0.0306,0.0144
7.7800,0.9550,0.0306,0.0144
7.7900,0.9549,0.0307,0.0144
7.8000,0.9548,0.0307,0.0145
7.8100,0.9548,0.0307,0.0145
7.8200,0.9547,0.0308,0.0145
7.8300,0.9546,0.0308,0.0146
7.8400,0.9545,0.0309,0.0146
7.8500,0.9545,0.0309,0.0146
7.8600,0.9544,0.0310,0.0146
7.8700,0.9543,0.0310,0.0147
7.8800,0.9543,0.0310,0.0147
7.8900,0.9542,0.0311,0.0147
7.9000,0.9541,0.0311,0.0148
7.9100,0.9540,0.0312,0.0148
7.9200,0.9540,0.0312,0.0148
7.9300,0.9539,0.0313,0.0149
7.9400,0.9538,0.0313,0.0149
7.9500,0.9537,0.0313,0.0149
7.9600,0.9537,0.0314,0.0150
7.9700,0.9536,0.0314,0.0150
7.9800,0.9535,0.0315,0.0150
7.9900,0.9534,0.0315,0.0151
8.0000,0.9534,0.0316,0.0151
8.0100,0.9533,0.0316,0.0151
8.0200,0.9532,0.0316,0.0151
8.0300,0.9531,0.0317,0.0152
8.0400,0.9531,0.0317,0.0152
8.0500,0.9530,0.0318,0.0152
8.0600,0.9529,0.0318,0.0153
8.0700,0.9528,0.0319,0.0153
8.0800,0.9528,0.0319,0.0153
8.0900,0.9527,0.0320,0.0154
8.1000,0.9526,0.0320,0.0154
8.1100,0.9525,0.0320,0.0154
8.1200,0.9524,0.0321,0.0155
8.1300,0.9524,0.0321,0.0155
8.1400,0.9523,0.0322,0.0155
8.1500,0.9522,0.0322,0.0156
8.1600,0.9521,0.0323,0.0156
8.1700,0.9521,0.0323,0.0156
8.1800,0.9520,0.0324,0.0157
8.1900,0.9519,0.0324,0.0157
8.2000,0.9518,0.0324,0.0157
8.2100,0.9518,0.0325,0.0158
8.2200,0.9517,0.0325,0.0158
8.2300,0.9516,0.0326,0.0158
8.2400,0.9515,0.0326,0.0159
8.2500,0.9514,0.0327,0.0159
8.2600,0.9514,0.0327,0.0159
8.2700,0.9513,0.0328,0.0160
8.2800,0.9512,0.0328,0.0160
8.2900,0.9511,0.0328,0.0160
8.3000,0.9511,0.0329,0.0161
8.3100,0.9510,0.0329,0.0161
8.3200,0.9509,0.0330,0.0161
8.3300,0.9508,0.0330,0.0162
8.3400,0.9507,0.0331,0.0162
8.3500,0.9507,0.0331,0.0162
8.3600,0.9506,0.0332,0.0162
8.3700,0.9505,0.0332,0.0163
8.3800,0.9504,0.0333,0.0163
8.3900,0.9503,0.0333,0.0163
8.4000,0.9503,0.0333,0.0164
8.4100,0.9502,0.0334,0.0164
8.4200,0.9501,0.0334,0.0164
8.4300,0.9500,0.0335,0.0165
8.4400,0.9500,0.0335,0.0165
8.4500,0.9499,0.0336,0.0165
8.4600,0.9498,0.0336,0.0166
8.4700,0.9497,0.0337,0.0166
8.4800,0.9496,0.0337,0.0167
8.4900,0.9496,0.0338,0.0167
8.5000,0.9495,0.0338,0.0167
8.5100,0.9494,0.0339,0.0168
8.5200,0.9493,0.0339,0.0168
8.5300,0.9492,0.0339,0.0168
8.5400,0.9492,0.0340,0.0169
8.5500,0.9491,0.0340,0.0169
8.5600,0.9490,0.0341,0.0169
8.5700,0.9489,0.0341,0.0170
8.5800,0.9488,0.0342,0.0170
8.5900,0.9487,0.0342,0.0170
8.6000,0.9487,0.0343,0.0171
8.6100,0.9486,0.0343,0.0171
8.6200,0.9485,0.0344,0.0171
8.6300,0.9484,0.0344,0.0172
8.6400,0.9483,0.0345,0.0172
8.6500,0.9483,0.0345,0.0172
8.6600,0.9482,0.0346,0.0173
8.6700,0.9481,0.0346,0.0173
8.6800,0.9480,0.0347,0.0173
8.6900,0.9479,0.0347,0.0174
8.7000,0.9478,0.0347,0.0174
8.7100,0.9478,0.0348,0.0174
8.7200,0.9477,0.0348,0.0175
8.7300,0.9476,0.0349,0.0175
8.7400,0.9475,0.0349,0.0175
8.7500,0.9474,0.0350,0.0176
8.7600,0.9474,0.0350,0.0176
8.7700,0.9473,0.0351,0.0176
8.7800,0.9472,0.0351,0.0177
8.7900,0.9471,0.0352,0.0177
8.8000,0.9470,0.0352,0.0178
8.8100,0.9469,0.0353,0.0178
8.8200,0.9469,0.0353,0.0178
8.8300,0.9468,0.0354,0.0179
8.8400,0.9467,0.0354,0.0179
8.8500,0.9466,0.0355,0.0179
8.8600,0.9465,0.0355,0.0180
8.8700,0.9464,0.0356,0.0180
8.8800,0.9464,0.0356,0.0180
8.8900,0.9463,0.0357,0.0181
8.9000,0.9462,0.0357,0.0181
8.9100,0.9461,0.0358,0.0181
8.9200,0.9460,0.0358,0.0182
8.9300,0.9459,0.0359,0.0182
8.9400,0.9458,0.0359,0.0183
8.9500,0.9458,0.0360,0.0183
8.9600,0.9457,0.0360,0.0183
8.9700,0.9456,0.0361,0.0184
8.9800,0.9455,0.0361,0.0184
8.9900,0.9454,0.0362,0.0184
9.0000,0.9453,0.0362,0.0185
9.0100,0.9452,0.0362,0.0185
9.0200,0.9452,0.0363,0.0185
9.0300,0.9451,0.0363,0.0186
9.0400,0.9450,0.0364,0.0186
9.0500,0.9449,0.0364,0.0186
9.0600,0.9448,0.0365,0.0187
9.0700,0.9447,0.0365,0.0187
9.0800,0.9446,0.0366,0.0188
9.0900,0.9446,0.0366,0.0188
9.1000,0.9445,0.0367,0.0188
9.1100,0.9444,0.0367,0.0189
9.1200,0.9443,0.0368,0.0189
9.1300,0.9442,0.0368,0.0189
9.1400,0.9441,0.0369,0.0190
9.1500,0.9440,0.0369,0.0190
9.1600,0.9440,0.0370,0.0191
9.1700,0.9439,0.0370,0.0191
9.1800,0.9438,0.0371,0.0191
9.1900,0.9437,0.0371,0.0192
9.2000,0.9436,0.0372,0.0192
9.2100,0.9435,0.0372,0.0192
9.2200,0.9434,0.0373,0.0193
9.2300,0.9433,0.0374,0.0193
9.2400,0.9432,0.0374,0.0193
9.2500,0.9432,0.0375,0.0194
9.2600,0.9431,0.0375,0.0194
9.2700,0.9430,0.0376,0.0195
9.2800,0.9429,0.0376,0.0195
9.2900,0.9428,0.0377,0.0195
9.3000,0.9427,0.0377,0.0196
9.3100,0.9426,0.0378,0.0196
9.3200,0.9425,0.0378,0.0196
9.3300,0.9425,0.0379,0.0197
9.3400,0.9424,0.0379,0.0197
9.3500,0.9423,0.0380,0.0198
9.3600,0.9422,0.0380,0.0198
9.3700,0.9421,0.0381,0.0198
9.3800,0.9420,0.0381,0.0199
9.3900,0.9419,0.0382,0.0199
9.4000,0.9418,0.0382,0.0200
9.4100,0.9417,0.0383,0.0200
9.4200,0.9416,0.0383,0.0200
9.4300,0.9416,0.0384,0.0201
9.4400,0.9415,0.0384,0.0201
9.4500,0.9414,0.0385,0.0201
9.4600,0.9413,0.0385,0.0202
9.4700,0.9412,0.0386,0.0202
9.4800,0.9411,0.0386,0.0203
9.4900,0.9410,0.0387,0.0203
9.5000,0.9409,0.0387,0.0203
9.5100,0.9408,0.0388,0.0204
9.5200,0.9407,0.0388,0.0204
9.5300,0.9406,0.0389,0.0205
9.5400,0.9406,0.0390,0.0205
9.5500,0.9405,0.0390,0.0205
9.5600,0.9404,0.0391,0.0206
9.5700,0.9403,0.0391,0.0206
9.5800,0.9402,0.0392,0.0206
9.5900,0.9401,0.0392,0.0207
9.6000,0.9400,0.0393,0.0207
9.6100,0.9399,0.0393,0.0208
9.6200,0.9398,0.0394,0.0208
9.6300,0.9397,0.0394,0.0208
9.6400,0.9396,0.0395,0.0209
9.6500,0.9395,0.0395,0.0209
9.6600,0.9394,0.0396,0.0210
9.6700,0.9394,0.0396,0.0210
9.6800,0.9393,0.0397,0.0210
9.6900,0.9392,0.0397,0.0211
9.7000,0.9391,0.0398,0.0211
9.7100,0.9390,0.0399,0.0212
9.7200,0.9389,0.0399,0.0212
9.7300,0.9388,0.0400,0.0212
9.7400,0.9387,0.0400,0.0213
9.7500,0.9386,0.0401,0.0213
9.7600,0.9385,0.0401,0.0214
9.7700,0.9384,0.0402,0.0214
9.7800,0.9383,0.0402,0.0214
9.7900,0.9382,0.0403,0.0215
9.8000,0.9381,0.0403,0.0215
9.8100,0.9380,0.0404,0.0216
9.8200,0.9379,0.0404,0.0216
9.8300,0.9379,0.0405,0.0216
9.8400,0.9378,0.0406,0.0217
9.8500,0.9377,0.0406,0.0217
9.8600,0.9376,0.0407,0.0218
9.8700,0.9375,0.0407,0.0218
9.8800,0.9374,0.0408,0.0218
9.8900,0.9373,0.0408,0.0219
9.9000,0.9372,0.0409,0.0219
9.9100,0.9371,0.0409,0.0220
9.9200,0.9370,0.0410,0.0220
9.9300,0.9369,0.0411,0.0221
9.9400,0.9368,0.0411,0.0221
9.9500,0.9367,0.0412,0.0221
9.9600,0.9366,0.0412,0.0222
9.9700,0.9365,0.0413,0.0222
9.9800,0.9364,0.0413,0.0223
9.9900,0.9363,0.0414,0.0223
10.0000,0.9362,0.0414,0.0223
10.0100,0.9361,0.0415,0.0224
10.0200,0.9360,0.0415,0.0224
10.0300,0.9359,0.0416,0.0225
10.0400,0.9358,0.0417,0.0225
10.0500,0.9357,0.0417,0.0225
10.0600,0.9356,0.0418,0.0226
10.0700,0.9355,0.0418,0.0226
10.0800,0.9354,0.0419,0.0227
10.0900,0.9353,0.0419,0.0227
10.1000,0.9352,0.0420,0.0228
10.1100,0.9351,0.0421,0.0228
10.1200,0.9350,0.0421,0.0228
10.1300,0.9350,0.0422,0.0229
10.1400,0.9349,0.0422,0.0229
10.1500,0.9348,0.0423,0.0230
10.1600,0.9347,0.0423,0.0230
10.1700,0.9346,0.0424,0.0231
10.1800,0.9345,0.0424,0.0231
10.1900,0.9344,0.0425,0.0231
10.2000,0.9343,0.0426,0.0232
10.2100,0.9342,0.0426,0.0232
10.2200,0.9341,0.0427,0.0233
10.2300,0.9340,0.0427,0.0233
10.2400,0.9339,0.0428,0.0234
10.2500,0.9338,0.0428,0.0234
10.2600,0.9337,0.0429,0.0234
10.2700,0.9336,0.0430,0.0235
10.2800,0.9335,0.0430,0.0235
10.2900,0.9334,0.0431,0.0236
10.3000,0.9333,0.0431,0.0236
10.3100,0.9332,0.0432,0.0237
10.3200,0.9331,0.0432,0.0237
10.3300,0.9330,0.0433,0.0237
10.3400,0.9329,0.0434,0.0238
10.3500,0.9328,0.0434,0.0238
10.3600,0.9327,0.0435,0.0239
10.3700,0.9326,0.0435,0.0239
10.3800,0.9324,0.0436,0.0240
10.3900,0.9323,0.0437,0.0240
10.4000,0.9322,0.0437,0.0240
10.4100,0.9321,0.0438,0.0241
10.4200,0.9320,0.0438,0.0241
10.4300,0.9319,0.0439,0.0242
10.4400,0.9318,0.0439,0.0242
10.4500,0.9317,0.0440,0.0243
10.4600,0.9316,0.0441,0.0243
10.4700,0.9315,0.0441,0.0243
10.4800,0.9314,0.0442,0.0244
10.4900,0.9313,0.0442,0.0244
10.5000,0.9312,0.0443,0.0245
10.5100,0.9311,0.0444,0.0245
10.5200,0.9310,0.0444,0.0246
10.5300,0.9309,0.0445,0.0246
10.5400,0.9308,0.0445,0.0247
10.5500,0.9307,0.0446,0.0247
10.5600,0.9306,0.0446,0.0247
10.5700,0.9305,0.0447,0.0248
10.5800,0.9304,0.0448,0.0248
10.5900,0.9303,0.0448,0.0249
10.6000,0.9302,0.0449,0.0249
10.6100,0.9301,0.0449,0.0250
10.6200,0.9300,0.0450,0.0250
10.6300,0.9299,0.0451,0.0251
10.6400,0.9298,0.0451,0.0251
10.6500,0.9297,0.0452,0.0252
10.6600,0.9296,0.0452,0.0252
10.6700,0.9295,0.0453,0.0252
10.6800,0.9293,0.0454,0.0253
10.6900,0.9292,0.0454,0.0253
10.7000,0.9291,0.0455,0.0254
10.7100,0.9290,0.0455,0.0254
10.7200,0.9289,0.0456,0.0255
10.7300,0.9288,0.0457,0.0255
10.7400,0.9287,0.0457,0.0256
10.7500,0.9286,0.0458,0.0256
10.7600,0.9285,0.0458,0.0257
10.7700,0.9284,0.0459,0.0257
10.7800,0.9283,0.0460,0.0257
10.7900,0.9282,0.0460,0.0258
10.8000,0.9281,0.0461,0.0258
10.8100,0.9280,0.0462,0.0259
10.8200,0.9279,0.0462,0.0259
10.8300,0.9278,0.0463,0.0260
10.8400,0.9276,0.0463,0.0260
10.8500,0.9275,0.0464,0.0261
10.8600,0.9274,0.0465,0.0261
10.8700,0.9273,0.0465,0.0262
10.8800,0.9272,0.0466,0.0262
10.8900,0.9271,0.0466,0.0263
10.9000,0.9270,0.0467,0.0263
10.9100,0.9269,0.0468,0.0263
10.9200,0.9268,0.0468,0.0264
10.9300,0.9267,0.0469,0.0264
10.9400,0.9266,0.0469,0.0265
10.9500,0.9265,0.0470,0.0265
10.9600,0.9263,0.0471,0.0266
10.9700,0.9262,0.0471,0.0266
10.9800,0.9261,0.0472,0.0267
10.9900,0.9260,0.0473,0.0267
11.0000,0.9259,0.0473,0.0268
11.0100,0.9258,0.0474,0.0268
11.0200,0.9257,0.0474,0.0269
11.0300,0.9256,0.0475,0.0269
11.0400,0.9255,0.0476,0.0270
11.0500,0.9254,0.0476,0.0270
11.0600,0.9253,0.0477,0.0271
11.0700,0.9251,0.0478,0.0271
11.0800,0.9250,0.0478,0.0272
11.0900,0.9249,0.0479,0.0272
11.1000,0.9248,0.0479,0.0272
11.1100,0.9247,0.0480,0.0273
11.1200,0.9246,0.0481,0.0273
11.1300,0.9245,0.0481,0.0274
11.1400,0.9244,0.0482,0.0274
11.1500,0.9243,0.0483,0.0275
11.1600,0.9241,0.0483,0.0275
11.1700,0.9240,0.0484,0.0276
11.1800,0.9239,0.0485,0.0276
11.1900,0.9238,0.0485,0.0277
11.2000,0.9237,0.0486,0.0277
11.2100,0.9236,0.0486,0.0278
11.2200,0.9235,0.0487,0.0278
11.2300,0.9234,0.0488,0.0279
11.2400,0.9232,0.0488,0.0279
11.2500,0.9231,0.0489,0.0280
11.2600,0.9230,0.0490,0.0280
11.2700,0.9229,0.0490,0.0281
11.2800,0.9228,0.0491,0.0281
11.2900,0.9227,0.0492,0.0282
11.3000,0.9226,0.0492,0.0282
11.3100,0.9225,0.0493,0.0283
11.3200,0.9223,0.0493,0.0283
11.3300,0.9222,0.0494,0.0284
11.3400,0.9221,0.0495,0.0284
11.3500,0.9220,0.0495,0.0285
11.3600,0.9219,0.0496,0.0285
11.3700,0.9218,0.0497,0.0286
11.3800,0.9217,0.0497,0.0286
11.3900,0.9215,0.0498,0.0287
11.4000,0.9214,0.0499,0.0287
11.4100,0.9213,0.0499,0.0288
11.4200,0.9212,0.0500,0.0288
11.4300,0.9211,0.0501,0.0289
11.4400,0.9210,0.0501,0.0289
11.4500,0.9208,0.0502,0.0290
11.4600,0.9207,0.0503,0.0290
11.4700,0.9206,0.0503,0.0291
11.4800,0.9205,0.0504,0.0291
11.4900,0.9204,0.0505,0.0292
11.5000,0.9203,0.0505,0.0292
11.5100,0.9202,0.0506,0.0293
11.5200,0.9200,0.0506,0.0293
11.5300,0.9199,0.0507,0.0294
11.5400,0.9198,0.0508,0.0294
11.5500,0.9197,0.0508,0.0295
11.5600,0.9196,0.0509,0.0295
11.5700,0.9195,0.0510,0.0296
11.5800,0.9193,0.0510,0.0296
11.5900,0.9192,0.0511,0.0297
11.6000,0.9191,0.0512,0.0297
11.6100,0.9190,0.0512,0.0298
11.6200,0.9189,0.0513,0.0298
11.6300,0.9187,0.0514,0.0299
11.6400,0.9186,0.0514,0.0299
11.6500,0.9185,0.0515,0.0300
11.6600,0.9184,0.0516,0.0300
11.6700,0.9183,0.0516,0.0301
11.6800,0.9182,0.0517,0.0301
11.6900,0.9180,0.0518,0.0302
11.7000,0.9179,0.0518,0.0302
11.7100,0.9178,0.0519,0.0303
11.7200,0.9177,0.0520,0.0303
11.7300,0.9176,0.0520,0.0304
11.7400,0.9174,0.0521,0.0304
11.7500,0.9173,0.0522,0.0305
11.7600,0.9172,0.0522,0.0305
11.7700,0.9171,0.0523,0.0306
11.7800,0.9170,0.0524,0.0307
11.7900,0.9168,0.0525,0.0307
11.8000,0.9167,0.0525,0.0308
11.8100,0.9166,0.0526,0.0308
11.8200,0.9165,0.0527,0.0309
11.8300,0.9164,0.0527,0.0309
11.8400,0.9162,0.0528,0.0310
11.8500,0.9161,0.0529,0.0310
11.8600,0.9160,0.0529,0.0311
11.8700,0.9159,0.0530,0.0311
11.8800,0.9158,0.0531,0.0312
11.8900,0.9156,0.0531,0.0312
11.9000,0.9155,0.0532,0.0313
11.9100,0.9154,0.0533,0.0313
11.9200,0.9153,0.0533,0.0314
11.9300,0.9151,0.0534,0.0314
11.9400,0.9150,0.0535,0.0315
11.9500,0.9149,0.0535,0.0316
11.9600,0.9148,0.0536,0.0316
11.9700,0.9147,0.0537,0.0317
11.9800,0.9145,0.0537,0.0317
11.9900,0.9144,0.0538,0.0318
12.0000,0.9143,0.0539,0.0318
12.0100,0.9142,0.0540,0.0319
12.0200,0.9140,0.0540,0.0319
12.0300,0.9139,0.0541,0.0320
12.0400,0.9138,0.0542,0.0320
12.0500,0.9137,0.0542,0.0321
12.0600,0.9135,0.0543,0.0321
12.0700,0.9134,0.0544,0.0322
12.0800,0.9133,0.0544,0.0323
12.0900,0.9132,0.0545,0.0323
12.1000,0.9131,0.0546,0.0324
12.1100,0.9129,0.0547,0.0324
12.1200,0.9128,0.0547,0.0325
12.1300,0.9127,0.0548,0.0325
12.1400,0.9126,0.0549,0.0326
12.1500,0.9124,0.0549,0.0326
12.1600,0.9123,0.0550,0.0327
12.1700,0.9122,0.0551,0.0327
12.1800,0.9121,0.0551,0.0328
12.1900,0.9119,0.0552,0.0329
12.2000,0.9118,0.0553,0.0329
12.2100,0.9117,0.0554,0.0330
12.2200,0.9115,0.0554,0.0330
12.2300,0.9114,0.0555,0.0331
12.2400,0.9113,0.0556,0.0331
12.2500,0.9112,0.0556,0.0332
12.2600,0.9110,0.0557,0.0332
12.2700,0.9109,0.0558,0.0333
12.2800,0.9108,0.0559,0.0334
12.2900,0.9107,0.0559,0.0334
12.3000,0.9105,0.0560,0.0335
12.3100,0.9104,0.0561,0.0335
12.3200,0.9103,0.0561,0.0336
12.3300,0.9102,0.0562,0.0336
12.3400,0.9100,0.0563,0.0337
12.3500,0.9099,0.0564,0.0337
12.3600,0.9098,0.0564,0.0338
12.3700,0.9096,0.0565,0.0339
12.3800,0.9095,0.0566,0.0339
12.3900,0.9094,0.0566,0.0340
12.4000,0.9093,0.0567,0.0340
12.4100,0.9091,0.0568,0.0341
12.4200,0.9090,0.0569,0.0341
12.4300,0.9089,0.0569,0.0342
12.4400,0.9087,0.0570,0.0343
12.4500,0.9086,0.0571,0.0343
12.4600,0.9085,0.0572,0.0344
12.4700,0.9083,0.0572,0.0344
12.4800,0.9082,0.0573,0.0345
12.4900,0.9081,0.0574,0.0345
12.5000,0.9080,0.0574,0.0346
12.5100,0.9078,0.0575,0.0347
12.5200,0.9077,0.0576,0.0347
12.5300,0.9076,0.0577,0.0348
12.5400,0.9074,0.0577,0.0348
12.5500,0.9073,0.0578,0.0349
12.5600,0.9072,0.0579,0.0349
12.5700,0.9070,0.0580,0.0350
12.5800,0.9069,0.0580,0.0351
12.5900,0.9068,0.0581,0.0351
12.6000,0.9066,0.0582,0.0352
12.6100,0.9065,0.0582,0.0352
12.6200,0.9064,0.0583,0.0353
12.6300,0.9062,0.0584,0.0354
12.6400,0.9061,0.0585,0.0354
12.6500,0.9060,0.0585,0.0355
12.6600,0.9059,0.0586,0.0355
12.6700,0.9057,0.0587,0.0356
12.6800,0.9056,0.0588,0.0356
12.6900,0.9055,0.0588,0.0357
12.7000,0.9053,0.0589,0.0358
12.7100,0.9052,0.0590,0.0358
12.7200,0.9051,0.0591,0.0359
12.7300,0.9049,0.0591,0.0359
12.7400,0.9048,0.0592,0.0360
12.7500,0.9047,0.0593,0.0361
12.7600,0.9045,0.0594,0.0361
12.7700,0.9044,0.0594,0.0362
12.7800,0.9042,0.0595,0.0362
12.7900,0.9041,0.0596,0.0363
12.8000,0.9040,0.0597,0.0364
12.8100,0.9038,0.0597,0.0364
12.8200,0.9037,0.0598,0.0365
12.8300,0.9036,0.0599,0.0365
12.8400,0.9034,0.0600,0.0366
12.8500,0.9033,0.0600,0.0367
12.8600,0.9032,0.0601,0.0367
12.8700,0.9030,0.0602,0.0368
12.8800,0.9029,0.0603,0.0368
12.8900,0.9028,0.0603,0.0369
12.9000,0.9026,0.0604,0.0370
12.9100,0.9025,0.0605,0.0370
12.9200,0.9024,0.0606,0.0371
12.9300,0.9022,0.0606,0.0371
12.9400,0.9021,0.0607,0.0372
12.9500,0.9019,0.0608,0.0373
12.9600,0.9018,0.0609,0.0373
12.9700,0.9017,0.0610,0.0374
12.9800,0.9015,0.0610,0.0374
12.9900,0.9014,0.0611,0.0375
13.0000,0.9013,0.0612,0.0376
13.0100,0.9011,0.0613,0.0376
13.0200,0.9010,0.0613,0.0377
13.0300,0.9008,0.0614,0.0377
13.0400,0.9007,0.0615,0.0378
13.0500,0.9006,0.0616,0.0379
13.0600,0.9004,0.0616,0.0379
13.0700,0.9003,0.0617,0.0380
13.0800,0.9001,0.0618,0.0381
13.0900,0.9000,0.0619,0.0381
13.1000,0.8999,0.0620,0.0382
13.1100,0.8997,0.0620,0.0382
13.1200,0.8996,0.0621,0.0383
13.1300,0.8995,0.0622,0.0384
13.1400,0.8993,0.0623,0.0384
13.1500,0.8992,0.0623,0.0385
13.1600,0.8990,0.0624,0.0386
13.1700,0.8989,0.0625,0.0386
13.1800,0.8988,0.0626,0.0387
13.1900,0.8986,0.0626,0.0387
13.2000,0.8985,0.0627,0.0388
13.2100,0.8983,0.0628,0.0389
13.2200,0.8982,0.0629,0.0389
13.2300,0.8980,0.0630,0.0390
13.2400,0.8979,0.0630,0.0391
13.2500,0.8978,0.0631,0.0391
13.2600,0.8976,0.0632,0.0392
13.2700,0.8975,0.0633,0.0392
13.2800,0.8973,0.0634,0.0393
13.2900,0.8972,0.0634,0.0394
13.3000,0.8971,0.0635,0.0394
13.3100,0.8969,0.0636,0.0395
13.3200,0.8968,0.0637,0.0396
13.3300,0.8966,0.0637,0.0396
13.3400,0.8965,0.0638,0.0397
13.3500,0.8963,0.0639,0.0398
13.3600,0.8962,0.0640,0.0398
13.3700,0.8961,0.0641,0.0399
13.3800,0.8959,0.0641,0.0399
13.3900,0.8958,0.0642,0.0400
13.4000,0.8956,0.0643,0.0401
13.4100,0.8955,0.0644,0.0401
13.4200,0.8953,0.0645,0.0402
13.4300,0.8952,0.0645,0.0403
13.4400,0.8950,0.0646,0.0403
13.4500,0.8949,0.0647,0.0404
13.4600,0.8948,0.0648,0.0405
13.4700,0.8946,0.0649,0.0405
13.4800,0.8945,0.0649,0.0406
13.4900,0.8943,0.0650,0.0407
13.5000,0.8942,0.0651,0.0407
13.5100,0.8940,0.0652,0.0408
13.5200,0.8939,0.0653,0.0408
13.5300,0.8937,0.0653,0.0409
13.5400,0.8936,0.0654,0.0410
13.5500,0.8934,0.0655,0.0410
13.5600,0.8933,0.0656,0.0411
13.5700,0.8932,0.0657,0.0412
13.5800,0.8930,0.0658,0.0412
13.5900,0.8929,0.0658,0.0413
13.6000,0.8927,0.0659,0.0414
13.6100,0.8926,0.0660,0.0414
13.6200,0.8924,0.0661,0.0415
13.6300,0.8923,0.0662,0.0416
13.6400,0.8921,0.0662,0.0416
13.6500,0.8920,0.0663,0.0417
13.6600,0.8918,0.0664,0.0418
13.6700,0.8917,0.0665,0.0418
13.6800,0.8915,0.0666,0.0419
13.6900,0.8914,0.0666,0.0420
13.7000,0.8912,0.0667,0.0420
13.7100,0.8911,0.0668,0.0421
13.7200,0.8909,0.0669,0.0422
13.7300,0.8908,0.0670,0.0422
13.7400,0.8906,0.0671,0.0423
13.7500,0.8905,0.0671,0.0424
13.7600,0.8903,0.0672,0.0424
13.7700,0.8902,0.0673,0.0425
13.7800,0.8900,0.0674,0.0426
13.7900,0.8899,0.0675,0.0426
13.8000,0.8897,0.0676,0.0427
13.8100,0.8896,0.0676,0.0428
13.8200,0.8894,0.0677,0.0428
13.8300,0.8893,0.0678,0.0429
13.8400,0.8891,0.0679,0.0430
13.8500,0.8890,0.0680,0.0430
13.8600,0.8888,0.0680,0.0431
13.8700,0.8887,0.0681,0.0432
13.8800,0.8885,0.0682,0.0433
13.8900,0.8884,0.0683,0.0433
13.9000,0.8882,0.0684,0.0434
13.9100,0.8881,0.0685,0.0435
13.9200,0.8879,0.0685,0.0435
13.9300,0.8878,0.0686,0.0436
13.9400,0.8876,0.0687,0.0437
13.9500,0.8875,0.0688,0.0437
13.9600,0.8873,0.0689,0.0438
13.9700,0.8872,0.0690,0.0439
13.9800,0.8870,0.0691,0.0439
13.9900,0.8869,0.0691,0.0440
14.0000,0.8867,0.0692,0.0441
14.0100,0.8866,0.0693,0.0441
14.0200,0.8864,0.0694,0.0442
14.0300,0.8862,0.0695,0.0443
14.0400,0.8861,0.0696,0.0444
14.0500,0.8859,0.0696,0.0444
14.0600,0.8858,0.0697,0.0445
14.0700,0.8856,0.0698,0.0446
14.0800,0.8855,0.0699,0.0446
14.0900,0.8853,0.0700,0.0447
14.1000,0.8852,0.0701,0.0448
14.1100,0.8850,0.0702,0.0448
